555555555551555. 411

culmo 110. 111, 39. 5555155 11111101.
55155 11494. 1Π, 158.“ culpae 5555155 1145. 555515 11, 190.
11540. 1111, 119153. 11111105. 410. 1111,129.11, 13. 11142. XII,
1111137. 5551551157. 37. 11111135. XIIII, 245. 11155.
551151151,122. 55115111 II, 159. 99. 555515511,104.111,29.173.

cultellorum XI, 133. 555515 1101.
55115555115111Π11,217. 551155 cupido 11143. 111111175. 55ρί-

111,119. 551151511,259.111184. dine 11351.

5511515 11115. cupidus 11158. 111114.
551155111111,49. cupit 11445. 5555555115. 55-
cum (praep.) II, 158. ΙΠ, 53. 99. piet 11111113. cupient 1, 148.

181301.1111,9.49.87.95.97.110. II, 135. cupias X, 95. 11137.

V, 90. 11, 158171377. 400. 531. cupiat 11350. cupiant 11554.

525. 111, 110130. 11118102. 5555551 X, 294. 111111313. 55-

152.155.173.219.222.254. 11111, petent 11157. 5551555 111135.

34101.11,94.198.205.235.335. 5551, 19. 103. Π, 58. 59. 11138.

111, 71. 138172. XII, 34. 00. 75. 11, 142. VIII, 13. X, 211291.

XIII, 50. 51. 155. 205. 229. XIIII, XIII, 111192.

51. 131. 200. 221. 242. 111, 22. 5555 11, 501. 508. XIII, 217. 55-

153. 111139. 5555(55555.5511.1 555 11474. curam I, 58. XI,

1101. 108. 111, 54. 75. 255. 293. 115111111157. 5555 1112303.

1131459. 111139. 11Π1,91. 11111227. 111111, 303. 55555 11,
oum 15155115.) 1, 45142150. 111, 189. VII, 55. X, 51. 78. XI, 93.

931515). 122. 135. 175. 195. 1111, 55515 111, 183.

14. 71. 1, 50. 11, 110. 204. 214. curabilis XVI, 21.

271. 303. 304 (Iis). 307. 314. 421. cantoris 111111288.

434. 458 (5151. 512. 577. 11152. 55515 111191. 11111101.

538385108151. VIII, 87. 158. Curius II, 153. 11178. 05515511,

1111153118148.1125171252. 3. 11114.

253. 255. 290. 319. 329. XI, 35. curo 5555511111. 11191. 55551

148178. XIII, 40109. 140. 221. 11300. 555551 XIII, 101. 55-

237. XIIII, 10. 80. 83. 138141. 551111127. 5555111, 242. 55-

215. 235. 311. XV, 138. 111129. 5555 11105. curentur 11111124.

cum (c. com'.) I, 17. 2224. 20 1115). curandum VIII, 121. 5555555

32. 37. 55. 58. 52. 54. 117. 11, 9. 11, 455.

32. 05101. 11138128291. 1111, curriculo XIIII, 231.

29. 37 41138. 1, 10. 59. 78. 11, 555511 11, 534. 1111,150.11ΠΙ,158.

2. 5.17.31.32.188.215. 111, 3. 5. 5555551 III, 308. 111, 49. 5555551

225. 242. VIII, 95. 120. 151. 207. 1,77. cucurrit 111157. 555551

X, 52. 158. 282. 1113111090. 111240. 555555551185. 55555

1111203033.111135111111111, X, 155. 5555115 111175. 555-

33.57.110.1351115).290. 11113. 5555111128. curritur 11182.

31155. 111121. 555555111125. 555551142282.
055555 Cumis VIIII, 57. (155515555555 11157. curribus VIII,

1112321. 3. 1135.
cumbae 111145. cumbae 111180. 5555551,52.

cumba 11151. 5555555 XV, 77. 55555 III, 253.
cumulus 111210. 11111127.
emme cunis 1189. Curtius 11134.
cunctatio 11221. 55515555515111111150. curtum X,
5555155 555515 11, 518. XII, 91. 135. 55515111270.

5555115 11, 314. X, 23. 111149. curules x,91.‚

 

