496 muux souuuuouvu

Lucanus 1131 7111, 61.
1620 71,107.
1607 71, 687.
1661 71, 660.
1160 11277.
11, 108 71,172.
11236 7, 23.
111360 117,03.
7, 260 11, 16.
71, 786 11166.
711, 62 7111, 213.
7111176 1111, 81.

Lucilius [120] 1, 106. 111, 113168. 176. 71111, 6.
Lucretius 11, 66.

Mariua Maximus 1111, 63.
Martialis [176] ΙΙΠ,38. [711130]
7,120 XI, 162.
0616166 met. 1, 13 1, 6.
Palfurius Suro 1111, 63.
Persius 1, 1 11, 66.
1131 711, 112.
1136 [1100]
Plinius epp. 113 111, 71.
Poeta incognitus 7, 3. 71, 318. 610.
Pompeius Plauto 1100.
Pomponius Μ616 11160.
Rubrenus Lappa 711, 72.
Salustius 1101. ν11111ἱ 12. 71,100. 711208. 7111106.
X , 6.
Cat. 61 vni, 111.
66 111311.
lug. 80 7111130.
Scaouuu [126]
Serenus 1111, 2.
Silius [120]
Sisenna [711 118.]
Suetonius Tranquillus [111, 71]
16108 1103.
claud. 28 111111, 01.
Domit. 18 1111, 38.
Sulpicia [71 631]
Terentius 71361.
66. 11, 2,6 111, 280.
66.7,7,17 111221.
16661160 11111110.
Andr. 7, 3,7 11111, 77.
16111122 11111133.
111123 117,163.
11113 xl, 188.
1161111113 117,18.
1666111116 71111117.

 

