IN IVVENALIS SATVRAS.

313. XV, 24. 87. 91. 173. XVI,
38.I3.53. quae I, 69118140.
1160. 111121132. 1,81.99.11,
100. 141. 186. 208. 253. 302. 350.
351. 399. 413. 434. 415. 448. 452.
471. 498. 574. 575. 589. 596. 633.
651. 111, 41228. 1111, 42. 43.
264.11111,150.11,4.3 128163.
209. 233. 272. 11111, 19. 63. 139.
11111120. XV, 133. 11116. quud
135. 111 55. 1111, 13. 1, 7. 59.
91. 98. 11152. 201426. 111, 165.
11113112211239. 111108. 1111,
68.86.11111220.111,97. 1111,
49. cuius I, 131. 153. 11, 148.
111155. 111182 287 1,34.11,
I. 91. 215. 558. 573. 111, 73. 169.
111160. 213. 11, 48.11,1111244.
298,.330 111,136.147. 111154.
551 I, 166. 1, 54. 11, 166. 354.
515 (115). 563. 616. 111, 53211.
1111, 58. 11111, 56 (615). X, 257.
336. 111,130. 11117294. 111111,
195. 256. 330. quem I, 20. 35
(615). 11, 132. 111, 37. 75. 201.
261283286. 111195. 1, 921615

148. 1144248359. 111,37.93.
214. 111171. VIIII, 16. 78. X,
III. 127. 136. 148. 231. 274. 310.
111,137. 11118. 11111243111111,
24. 185. 231. XV, 43. 67. 85. 113.
quum III, 118. 1111, 40. 11, 182.
192. 581. 11111, 65. X, 320. XII,
27. XIII, 74. 11111185. 324. quod

’ 465

1111154. XIIII, 261. XV‚88. qui
I, 37. 156. 1134988152. 111,
30. 1111, 17. 1112111209. 1111,
118252. 11111, 138143. 1196.
11149. 1111101. 111112188147.
223. XV, 76. quau 1178259.
480. Χ, 1. quae 113842. 162.
111, 313. V,8 .188. 11640. 111,
48170. VIII, 181258. 11116.
XII, 37. 77. 111152. quorum I,
III. III, 18164. IIII, 7178. VIII,
45. 11111, 123. 11, 219. XI, 160.
XIII, 181. XIIII, 241. XV, 106.
138169. quarum VI, 51. 259.
111140. 111111, 238. 55515551,
150. XIII, 29. XIIII, 145183.
XVI, 7. quibus 1,115. 11166.
11629. 649. VIII, 70. 11212. 111,
11. 110. XIIII, 34. XV, 10. 105.
quis III, 31. quos 1311Ι 11115.
163. 1111, 42 73 145 11, 240.
111,16. 1111 7026211111137.
X, 46. 236 (bu) XI, 969. 124.
126. 155. 201. 202. 1111, 79. XIII,
94. 138193. 111,38. XVI, 48.
quau I, 129. 111, 252. 1, 44. VI,
97 366 614 111113311111197
55511145481111231,3.109
1661130152.111241111143.
11111108142.1155144178.
111, 78. 79. XIII, 9. 157. XIIII, 3.
45. 222. XV, 117. quibus IIII,
151. 11, 325. 611. 111, 160173.
xlmam.

1, 101147. 11, 108. 111, 27. 168. qui (151.) 11571. 11163. 11133.
1111, 70. 1, 18217888. 98153. 5515111207. 11111141.
11, 62 (615). 104112. 128282. quicumque 111,18. XV, 71. quae·

3951615). 469. 552. 617. 111, 10.
14. 74. 75. 90. 213. VIII, 29. 41.
69. 125. 165. 223. 235. 204. 275.
VIIII, 26 86 107. 11, 363. XI, 88.
166.111111200252255299. 111,
32. XVI, 39. q,noI 25. 11, 72.
111889111111887. 11153.
269. 383. 427. VIII, 12. X, 226.
235.111198.11111,155.111111,
115. 555115811198171.
1176244 531. 111,42.17.4178

cumqueVI‚3II.XIIII,I88. quod-
cumque VI, 355. VII, 217. 11111,
1. cuicumque 11412. XIII, 58.
quemcumque XIIII, 210. quod-
cumque I, 152. XIII, 92. XIIII,
102. quocumque III, 158230
(615). 1111, 27. 131. 11111142(615).
117. quocumque 11412. 1111,
88. quoscumque 11359. qutu-

11111111.11151111.(ιιιαθοιιιιιίιῃθ

XI, 32. 1111, 2. XIIII, 99. 167. 55111515 XV 77 5555655511385.

XV 124 555181.11,22.1Π,
53.1,.22 11,294.1,11 (11.162.
11111, 1.39 Χ, II. 263. XII, 47.

cuiusdam Vl, 55. 111132. cui-
dam 11111199. quendam 11, 36.
quidam 11361. XII, 50. XIIII,

30.

 

