nn 1111111111 snrvnls. 187

’ 11111111 111111. nno 11111. 11111111.

inmania Xllll, 77. iumenta 111, 1111111191111,58.

319. 91111183. 11118117. in· κίναιδος 9111137.
11111119111,151. iumenta llll, 1181111111,198.111111,325. labello
5. 911,188. 1118185. 91111, 85. 1111111119,

lnnco XV, 27. 128. 91,276.

1111191118185. 111111119811. 1181111878. 118111111889.
iungentur 91111, 89. 1111111191, 1181111119,77. 118111198288.
11184.6 iunctam 91, 288. iunctae 1111ἒ11111811111,191. 1111111119,
‚ . 1.

111191,819. 11111,18.111111111 1181191,289. Vll, 98 219. 9111,
911,82.111111191,18. 1111-181.111ΠΙ,221.118111111,139.
nem II, 98. XIIII, 161. 1181111191,57.11-

1111111119,79.91,59.11,.188 111,8111111911,17.111111111,91 52.
118.11111,11. 111. 111119111, 118111191111,12.1181111111,
159. X, 38. 268. XIIII, 81. 271. 22. 1181111191, 593. X, 819 881
lacinia 111111111889. Ince 111111,198.
91,15(11’1).111111,296. 11811119111, 289. laboranti Vl,

1111111928. 119,51. iurgia 11, 118.

2981 labra 91,189.Χ11,67.229. 11811

11111111191111,158.1111178 in- Ill, 291. 91628 XIII, 111.
1111111111 1111119116 111- laby 1111111858.
1111111111.11111195.11-111111181161111189.11111
nando Xlll, 292. 91, 168.

1111, 58. XVI, 51. 111111, 128. Lacedaemoniorum XI 175
11,189.91, 217. 9111, 58. ine lacerna 111118 IaceinaeVllflll.

111111.11111,111.111111,1111111111.1111118118,
8118.ΧΙ,28.11111,281.111111,8. 287. 1111111111, 27. Vllll, 28.
11111111,15.1191,15.

institiae 9111,25.111111111 1111,81. lacernatae l, 62.

1111111111191,91.91111,99.111111 71111111111119Ι,925. lacerabant
11,271.1111111191,19.11111 119,182.1111111111111,87.11-
9111,11.1111119111,217.11- 111111198199.
1111111111191,17.11111111111,28.1 lacerta XIIII,

1111111111 91, 18. 75.

1111111111 9111, 155. 1111111111111, 181. 1111111191, 188.

ianenilia xl,5.’ 1111111111, 11. lacertis XV, 88.

1111111119,15.9111,51. 11111, 15.1111111191,218.

111111,.7 1111111111,818.1111111 Lachesin 91111,188 Lachesi Ill,
1,25.911, 188. 11, 188229 XIIII, 27.
28235.1111111988888111,1111111111,188.91, 539. XVI, 27.
71111111191251.1111111111,111111111111,181. 9,159. Χ, 52.
95. 1111111911, 28. 9111, 181. 281. Χ9,188. 1111111111 91,278.
282.111281111111,81.187.111- 11118181.

aenum X, 198. iuuenca ll, 50. Incunail,.58
111,158(111).911,182. unnim. 111111111,69.11111 VI, 888.
2881111111 11111, 97.

iunenla Vl, 193. 869. laedant Ill, 272.

11111111111155. 911,213. 9111, 111. Laelius XIIII, 195.

11111111111111111111111118111111111288.111111191873.
1111811111, 21111111 9,181.

1111111,161.1.11111 V, 98.

 

