16116161111111111. Ι441

1661616111111,167 11161166111,.244 6166161116.6666161966,
1666111 46. 166661111111, 64.
1666116171. 6666191138166611 111111, 146.

· 16616 91, 164. 266. macra 911, 29.

1661661 9182. Machaerae 9119.

1166166111111114. ludebant 111, 1666161 9111116. maciem 119,161.
98. 111111, 168. 16111111166. 16661616 1111116.

166661911239. luserit 9,139. maculam 1111112. 16666111119,

ludere XV, 59. luditur 196. 166. 616661111164.

911116. 1666616161 91146.

166619111, 199. 166111126. ln· 11111666 maduerunt X, 121. 616-
6661 91, 324. 1661111111, 261. dentis 11111, 86. 16666611 1111,
1666191, 87.362. 111,179. 16 164. 6166611691319
611 9111194. madidum 91297. 91111, 61. 616-

Lugdunensem 1,.44 6161 11, 199. madidae 91, 473·

1636111266 16161611257. 16-61661661611111 1666111611111
gentle 111279. lugendae 9111, 166. 166611161193. madidas
267. 9,161. 911161. 1666161111,

lumbum 911116. 1616161111244. 178.119,47.
91ᾇ 314. 91111, 69. 1616111111, Maecenas 91194. Maecenate l,

lumen 111266. 1111666 91111166. maenades 91317.

1661166 1111193164. Maeotica 111142.

1661 111286. 9111149. 1666691, 116661166119,116.

443. lunam Vll, 192. 11, 21. 6166161611246.

luna 91311. 6166111116 111, 63.
lupa 11166. 661116166661611,169. 6166116111
lupanaria 91132. lupanar Vl, Χ1,199. ’

121. 6161116661196 6161166191616.
luperco 11142. magis 1, 7. 62. 1116. 1111119. 91,
166161111111,163. 81186413. 9111222. 111,16.
1616661 11,168.16161911128. 46169.11111,192.111111,113.

161611 X, 228. 266.

16111661111144 16111161191682. 1116111161 1177.114. 1111, 46. 1111,
161666611191,618. 1611161111, 79. 6111161161. 911212.
1611111163 61611111611111121216611111661

luterell, 132. 111111, 246. 661111169126. ma-

lutulenta Vll, 131. 1111161 911164. 91118 111111,

latam 1616 1112419113911, 12.

186. 1111113666. 6611111191361. 1111122.

1611 Χ11,1.11111,168.111111,166.6161661 1, 261111, 133. 146. 91,
16611 11111, 88. 1666 91312. 669. 11166. 1665661147. Ill,
9111161. 111186. XV, 43. 11171212. 9166631644613.

16116116 91293. 11122. luxuriae 911116121. 1182. 1111116166.
114611146. 161611661111,137. 169. magnum 9111263. magni
luxuria XV, 46. 1, 33. 11, 113. 1111126. 9, 111.

1611611616 111, 77. 111111, 76221361. magnae 1111,

1161111666 91299. 7191166. 11,39.119,41. magni

Lyeiaeae Vl, 123. 1111, 31. 91, 626. 11, 213. 111111,

Lyelua 111147. 224. magne 11246. magnae

Lyde 11141. 111126. 9,14. 11,.16. 16616661

 

