101 . 00000 00000000

11801111103. 00010 11 00011113111111170227001.
318. 1111111153. 0000010 111110.
0001101,131.1,87. 000110001118. 11302. 00000 100. 111100.
0000 0000111218. xiia.
0000011111108. 000000011001. 000100011335.
00000 11101. 11, 202. 212. VIII, centone 11121.
000. vnn, 0. x1‚11. 0000000. contumi⁹2.12⁰.111‚22⁹·2⁵⁰· 11.
200. xvi, 10. 000000111155. 018111110111185. 1111172.
11111101. 000000011182011131. 111111275. 111,0.
00000 XIIII, 105. 000000111111 000100100οω 1117.
173. 0000001151. III, 111010. 000010 1Π,107.
1111, 18. 81. 11, 130. 278. XIIII, cepe 111, 0.
102. 0000101111112011111182. ceram 111110. 00001112881111,
000011100011,180. 000011101152. 88. 00000111110. 00000188.
11, 121. 0000111000111180. 1111111011111120101.
causidicorum 111110118. 000- cercopitheci 111,1.
01111010111100. 0000111000111, 00ἷέἒο1 1111182. 00010010001111
cnunc 0001111111. 00000000 111200. 0000000111111,
0001111101. 00011. 57.
Cecropiam Π, 02. - Cereris 1150. Χ, 112. XIIII, 210.
1104οἕοςἰο 11187. 00000011001111 ξθίῗῄξὶωῇ. 0000000111520.
,0. , .
000101150111111210. 00000 xm, 01. 000010 1111127.
00010 00011 Π11123. 111, 38111, 10. 11571.
cedunt 11138515. 000011 IIII, 0000000 11218.
03. 001011110. 0010000111, ceromatico 111, 08.
20. 0010111311157. 111210. 0001000100 111, 55.
00100011110130. 0011001001, 0111000000111111113. 00010001.)
230. 111150. 1128. VIIII, 0. 73. Χ, 01. 803.
Celadi 111215. mino. 111108.
Celaeno 1Π1130. 000000 1111120.
00100000 viii. 00001001 11303.
celebretur ninii. ceruina 111111201.
0010οἰ11175. 0010000111125. 000010 11, 10120315. ΧΠ, 11.
0011000 11122128. 0011011128. 0000100101. 1120185111111,
00100010001111103. 1111188. 0000101000111,88.
00101 1111101. 0000101000 1158011280.
00100 11215. 0000011111, 2.
. 0000 01. 00000. 000001 11, 108. 11111, 211. 0000001
00000010 1118. 1101555. 1111130. 00000011Ι
0000110111183. 1111100. 0000011111123. 000-
000001. 000001. 000011,17. 0000000111185.
000001 1Π,208. 0000001ἰο 11Π,178.
Censennia 11130. 001000111120. 001000111Π, 70.
000000 innisi. 11111110. 00000- liminii.
bunt 11500. 00000011111271. Cethegus 11, 287. (10100ςί1111,
000000111Π,112. 0000001011102. 281. Cethegum 1127.
11111150. 000000011121. 00011573.111217.111112.Χ,
00000001103. 1131. nimii.
0000001,57.11,13.11117. 000- 000011111110. 00000100 1121.

 

