10 0111101010 0111010. 177 ·

0100 sinebant 71288. 0010111101111,03.
01000 I, 88. 711112. 7111133. si- solum 11110.
000111181. 0100 71007. si· 00100 0010001111111,100. soluet
000 1150. 111111. 7111151. soluat 711150. sol-
0100110711186. 0111011133. 0010110111111,202.
siphonibus 71310. 0010010 711157. soluitur VI,
siquidem 71621. XII, 107. 73. solutum 7111170. soluts
Sirena 11111110, 11111116.
010110 XIII, 03. 00100 111122. 11112. 7Π1, 250. XI,
sities 7, 60. 0111000 71120. si· 52· XIIII,159. 117, 26. solaIlI,
110010 170. 111115. 201. 7111, 20. X, 172. 1111, 113.
01110 11110. 111111318. XIII, 208. 0011 71111, 03. XII,
0100 11118. 11, 322 (lis). 111, 28. 121. solam 7111157. Χ1111,107.
000 711120220. 11132. solum 1116. 711111. 11, 180.
socialibus 7,31. 00101158. 7,150. 001011113.
00010011251. 00010100 711180. 11218. 0010 71, 510. 711, 63.
136. 000110 7111108. 000100 11111. 0011111113. 001071,
Χ, 222. 000110 70100. 08. 001101180117151. 00100
Socratici 111111, 320. Socraticos XIIII, 101. 117, 37. 00110 XI,
1110. 108. 0010011111.
socru 71231 . Solymarum 71511.
sodales 111102, somnia 71517.
sodes 71280. 0001000 somni 71178. somnum
001 111, 010. xv, 11. 00001111, 01231138111182.7111001.
78. 001010 711183. 111203. 222. somno 11150. 71121.
ΧΠ11,280. 001011133. 111170. somni 71280116. 0111000117,
solibus 111113. 151. somnis Χ111,221.
“ 001001011111,120.170. sonat III, 01262. 71517. 111111.
0010071512. 000001 7168. 711108. 0000501
00100 71111138. 00101 111, 286. 125. Χ,226. 000011 71, 560.
71115. 711131. 711118. 111, 000010117, 51. sonantem 71,
10.187.11111103.111111,266. 00- 02.
100007111125. solebat 111132. sonoram 11111107.
7, 11. 100. VIII, 215. 11, 33. XI, 00000 7111178.
115. solebant 1111107. 001001 sophistae 711167.
711, 51. solitus 7,106. 11180. Sophocleo 71636.
11111153111111, 120. solitum soporem Χ111,217.
1111127. solitum 7111112. so· Sorae 111223.
1110 71187. XI, 88. 00111111, sorbeat 71, 306. 0010010111111,
02. 111111100. 255.
solida 111205. solidum 11176. 0010001110. 7,11111111121.
00111100 7,68. 001111010113. sordidula 111110.
0011011100 111101. sollemnibus X, 0010110 7185.111111281. 001011
259, 71111158. sororem 71566.
0011010 7111165. 0010100 71, 20. sororibus 7,
sollicitemus 1171, 28. sollicitent 152. sororibus 11212.
7111137. sors 001110 1111, 25. sortes 182.
0011101100 7,20. 1111167. sollici· 71583.
tos 71112. 001111007111,170. 1111110. 001-
0010001010001 71150. lits 71, 505. 0011111 111111, 06.
Solonis 11271. 111111.
solor 001010171381. sospes XIII, 178.

 

