101 5551155555115.

181.185.277.301.310. 111108. 1113. uulgo 11111, 35. uolgi
120. 7,2.112.130.157.150.183. 7118511120.

71, 51. 75. 80. 87. 178182107. 1151555 7111, 08. 117,31. uulnere
230. 282. 352. 520. 528. 510. 711, 111, 150. 7111, 210. 11, 112. 11111,
20. 71. 117. 155. 230. 231. 232. 12. 11151158. uulnera 7,27.
237. 238. 7111,12.58.7581.181. 71217. uulneribus 1175111111,
185105212272. 71111, 701515). 181.

103.110.120. 11, 5. 21 (bis). 08. 5511 cf. 5515.

157. 202. 215210. 213. 201313. 551151111111,77. 551151151111151. 1

351355. 111, 103. 152. 111151. 11111170. 55115115511111,111.
11111, 7.28.100.112. 1111112528. 551155 71111, 112. X, 58. 551155
5871.121.137.110.107.281.117, 111151. 11111, 77. 5511551 111,
70.117.110.155. 1712121110. 105. 71157. 11101231800. 111,
50. 180.117,170. 55115 11,17. 1111,

utcumque 11271. 101. 71118. 711113. 11,180.

511151151117,20. 111111,52.110.285. uultus 71111

uterque X, 118. 111137. 511551- 2. 11150. 5511551711238. 7111,
(155711111011118. utroque 205.

1150. ntorum 71500. 51515 5515511181. 5515551132. 551-
11300. uae 71120.

511115 71210. 1111117172. 51115 uxor 1122. 7,110. 71515115.
11118. 71210850. 71105135. 113.211.257.318.535.017. 71111,
71111, 27. 11318. 51115 71111, 72.11,272.330.353.11118111111,
127. utilium 111152. 5111151 115111111108. uxorin 7,118.
1111, 81. utinam 1111150. 71, 11352. uxori 1, 5511201. 5115-
855588. rem 122. 11101. 7128. 75105.

5151515115 71100. 5111511170. 111111331.
utimur 7111181. 51515 1110. 5115115 71208.

utrimque 71582. 1135. xerampelinas 71510.

5551181. uuam 7, 31. uuae Zalaces 11151.

11172. zelotypus 7111107. zelotypae

Vulcanus 11111, 15. Vulcani 1, 0. 71278. zelotypo 7,15.
7111270. 7515555 11,132. Ζ51151115117,107.

uulgo 117, 30. ζωή 71105.

uulgus 1171. 11185. 117,125. zonam 111111207.
uulgi 111250. 711111. 115180.

 

