176 uuusx vuusouvm

sexus 91135311 111169 sexum 5155111,79,91,65.187.911261,
91, 6181. sexu 11,118.91,253.11,9.6 XV, 98.

51 1,21.58,71.79. 167. 11, 8. 26. 28, Sicyone III, 58.
13.6976123(655)157158167 simis 91, 5169. 9Π, 266. sidem
11111121811621831671155) 1111,1613.1191,.1 sidere Vll
16111112.127.118.119.156.151. 195. 9111, 119. 111Π 33 XIII, 17.
171. 173, 266. 212, 223. 239, 257. sideru Xi, 63. 5115151655 9, 22.
273. 289, 297, 1111, 12. 18. 26, 53 Siginum 111, 73.
(1151.81,9,13161819167.51555155167.51355155185511338.
116, 126.1312,138.159.161.171. 51955 signabat VIIII, 76. signabit
91, 33. 11. 121995 98113168 11182 5155551111271 sigusre
286,266.213.213.256,255.257. 9111112 515551555111111132.
218. 331. 332379115. 176. 175. signatae Il, 119.

187. 195. 561526. 566. 561578. 5135559365. 9111,116. signu-
582.598,611,619612653686. rum XVI, 55. signa 111216.
911,8.13. 22 39 56 69 166113 911112119157 signis VIII
1221(615).119,171.191.197198, 1621111111, 367. XVI, 17.

238. 9111, 9.,1611.11(615).16. Silenus 911127
36.63.86.1116.111.127(115). 128. silent VII, 169. siluit III, 361,
131, 133. 13505). 111, 183. 211. silicem lli, 272. 91, 356

218. 91111, 33 sumu) 135. X, 35. siliginis 91,172. siligine V, 76.
68. 71. 751123. 112. 261219, 213. siliquas 111,1 58.

216286316. 313. 316. 365. 111,51155111,261.91111,13. siluarum
12..,155885.,,.116119186196. 1,,135 19,,1158 siluas XV 152
199. 1111,16.59.99.115.118.122. 866350 951117.

XIII, 55(115).66.61.61.72.76, siluestrem 191,5.
81911161.126.135.136.111.156. siluro XIIII, 132. 5115555 1111, 33.
176 216 217 230 1101114750, 51515911121111, 195.11111,11,56
71.113.115.151.159.199.220. similis 9,132. 91,17. 653. 9111276
231. 216 253 258 369 315 317 111, 1611. XII, 1,6 29. 119,16.6
325.327(115).119621721191, 515111155511,619111,271.1111111,51.
2516 37 simili 11111,135.51551155119,

sibicf. sui. 131. similes 1133111,1.77 51-

sibyllae 7115120. sibyllae 1113 56111555 9111, 53. 51151,1665591

5151, 12. 11, 176. 111, 159..19131118, 165·

1111, 921211, 9,.176 91, 223229 simplex, I 92. 91, 327. simplex
(5151)..131 911, 1621291 9111, 38. VI,23I. simplicibus 111192.
58,75.196.11,123.111,20. 1111, simpiicitssl, 153. II, 18. 91, 288.
78. XIII, 166 1.91 1111111, 31. 92. XIII, 35.

211. 1191,.21 simpuuium 91313.

5155519361. 5155555917. 515- simulacra 1111,188. simulscrs XI,
555155119127. siccatum XI, 161.

15, siccato XIII, 11. siccsu- simulat VI 271. simulsut II,.5
dam 111,32, simulabiiur 91,3,21.

515555911,1 116. 5155515115, 51551 simultas 119 33
XI, 82. siesse VIII, 351. 91111, 12. sinciput 111111, 85.
succo 91118 5155511,113, XV, siue VII, 2617. 9111, 161. X, 112.
122. 515515 91161 11111212 269111115211111169 XV 51

815515911236 81155159,1616.81- 5151515191,256. sinistro 111, 87.

551591186.11111,56. Siculus sinistra 111111,1. sinislroX',
VIIll,l55. 126.

 

