188 166611 1611166611

11111.. 111166. hemme.. 111, 116.

1161166666 91397. 66161161111,199.

Varillus 11, 99. 6611666166 11,171.

6611111 66116 XIII, 936. 66116 111, 1161161 cf. 6616.

961. 6611661166 111,167.

1166911119. 6666116971. uasa uellusXII,I. 661161691989661-
111, 961. 91,366.11,191. XIIII, 16161966.

69. 1111661119111,111. 661616 VI,
Vascones 119,93. 391. 66166116111111,399. 661611
666661691111,111. 6666616 11,19. 91,316.
uates XIII, 199. 116116 XI, III. uelox ΙΙΙ, 73. 9111, 187. 9Π11,196.

XIII, 79. 6611 91, 681. V,lI 93. uelocis XIII 38 66166166111111,

uatem 911, 63. uatum VII, 89. 31

66116661,18.6616691136 66166166161111, 69. 1161691111,
9111166116 91311. 196. 661691, 998. XV 197 66-
6661· ubera 91,9, XII, 8 66611- 116 Ι, 119. 1111, 99.

666 91973 66161 Ι, 166. 1111, 69. 9,196. 9,1
uber 66611611, 87. 363. XIII, 916998.

661 (111.) III, 1696119. 191999. 661611 111999.
9891111699116931911191 6661191163 666669111131 66-
111187 11111,173.119,.6 6661 VI, 16. XIII, 196.

661 (Imm.) II, 37. 111, 996. 911, 666666161,93.

166. Venafrano V, 86. 3
661 (temp.) XI, 17. 666616 9111, 69. uenale III, 33.
6616661666111166 6666111111169. 6166161116 .
6611166117 111393 9111191938 199. uenales 111111161 11666- V
96616666 111, 199. 116611 111,187.

1111161116 111166 111111. ....t.. 1111161
11116 VIII, 919. 6111611, 391. 6666111616 XIII, 89.

661,193.1119971111,111.9,.198 uendit IIII, 9711616). 91, 619. 911, I
VI, 13. 966. X, 911. 111111,993. 1987133. 9116198. uendimus
XV,103. X, 78. 6661166191, 617. 911,

666161666161611111, 86661611 136. 9111,193. 11661166 91, 919.
91677 6661161111111918, 6661166111,

uector 66616116 XII, 63. 19. 66611619, 98. 666116619111,

6661161666 91111, II. XI, 31 XIII, 199. 666116161111,33. VIII 191.
196. XIIII, 999. 6661166116 V,I 389.

6611661111966 6616111166 66- 66611661191391.6663661691,

1161169, 66 66111161 1111, 91. 968.

91361 6666161111939 66- 66661166 91996
6616111118.11666619111,17.91111,199.11111, ,

9616616 ΙΙΙ, 186. 1111,113.193. 91, 151. 66666661 91, 133. ueneno ’
113. 111,193.91,637.1166666911,1
11611, 89, 199. 11, 6. 193. 111, 6. 91. 169. 666666 XIIII, 173. 2
1911133.138.(616).169.911.986. 6666166116 XIII, 58. uenerabile ’
V, 19. 99. 166. 91, 917. 967. 986. XV, 113.
618. 669. 911, 199.118.167.176. uenerantur 119,8.
V,III 9111116). 999, 91111, 83. X, 666616 111, 179.
61. 991. XI, 18. 99. 1111, 16. 117 neniam II, 19. 63. V, 19. 91, 535.
198. XIII, 96. 97. 66. 91 113. 116 6111. 9111, 167. XI, 176, XV, 163. .
(1116)19611993611111138139 6666111999 66611111671111,
169176. XV 19 66 139179 81. 9,83. 91, 118 339196 911, ¹

 

