4w'

85. 87. 05. 00. 07. 101. 105107.
108.113.115.110.120.120131.
130131. 135. 130138113. 153.
150. 157. 100. 105. 100, 107. 171.
178. 180.100.101.103. 100. 200.
210. 228. 212. 215. 252. 200. 208.
200. 273. 271. 270. 277. 280. 285.
288. 310. 312. 327. 331. 335. 337.
311. 315. 351. 355. 300. 111,8.11.
13.10.23.28.31.30.11.13.17.18.

INDEX vamum

nwmnmumnm
nwnnnnunm
ummmwmwn
mmmmmnm‚u
m.m.umwmn.mn
wmuun’xwunnm
55ω555ω551
unnxmcnwmn
rmunnmnmm.
stamnum

10550000.08.71.71.70.81.87. etenim VIII, III. XVI, 1.
011015). 03. 05. 00. 100. 100. 111. etiarn II, 00. 7, 01. 71, 102. 572.

113.110.123.125(0151100130.
138. 130 (115). 110.111.111.115.

mummwuun
555555

155155).151.155.151.ι55.151 annnorum 5551.
fflnwnnnxurnnncemanaxnnaxnn
wnnwnnnfflmrmnmmunuxnffi

0508. 71. 81. 80. 02. 00. 00. 105.
108.110.111.110.117.118. 11111,

55555511 1111122. euadere XII,
35. 555515551111303.

0. 10. 25. 30. 30.11.11.51.55.57. Euandrum 111,01.

0200. 70. 75. 701115). 87. 01. 03. euehit 1,38.

00. 117. 130. 113. 118.151.155. eventum 111,108.

100. 105. 170. 100. 101. 201. 203. euertit X, 108. euertere X, 7.

201. 207. 218. 210. 220. 221. 223.
220232. 233. 030210. 215. XIIII,
8.1οἶ11.15.10.1030313335.

euertentibua XII,31. euenum
III, 258. euersa X, 200. euer-
515111,101.

37.11.10.51.52.51. 00. 73. 7577. Euganea vln,15.

70. 81. 80. 07. 101. 100. 100110. euhoe 711, 02.

112.122.121.110. 112.113.151. Eumenidum XIIII, 285.
157.108.171.170.180.183.105. eunucho 71, 378. eunuchum xn,

100. 201. 200. 217. 210. 220. 228.

35. eunuchi 71,300.

220. 230. 232. 212. 215. 250. 251. Euphranoris 111,217.

200. 201. 20313151. 208. 271275. Euphraten 1,101. 7ῙΠ,57.

270. 283. 285. 280. 200. 202. 207. Europen VIII, 31.

200. 302 308 318 117,01315).115155111110. Ε5555111,180.

22. 21. 20. 31. 35. 17. 50. 53. 57.

euro XII, 03. curor 111111,180.

50. 01. 02. 08. 71. 71. 70. 80. 80. Euryalum 71, 81.
101.105.113.120.128.131.110 ex cf
(015).117.150.152.100.107.171. exaequet 1111,130.

XVI, 0.11.11.15. 112227. 31. exagitare 71, 20. exagitataII,

38. 10. 18. 57. 5115551555. 11, 57.

88.

11, 130. 1111,118. 71, 122. 71111, examen XIII, 08.

108. 11, 320. XIIII, 1. 117, 20. 555515551111221

et-et Ι,1 1155. 111, 1115. 2015. exarsit VI, 103.

307. V It. 5755. 101. 100110 5555315111011 55555111511,.111
71, 1015. 200. 380. 502. 711, I 33. excanduit X, 327.

37.' 73. 137. 1005. 7111, 03. 202. excetri 7,831 excelsan, 1011.

210. 71111, 123. 132. 11,302. XII, excerpere 7102
115. 1111188. 05 107. XIIII, 151 excidet 1111127
72. 1135 1505 237. 255. 117, 05. excipit VI 100 VIII 250 excepit
et—atqne 71, 85. 200. vunnu.
et-nec 71, 37. et=etiam1, piant 7Π,105. excipitur 111,3.

71125. excipiat 1171,3. exci-

 

