00 iuventamn sanvms. 1195

297. 1111, 147. 7,88. 65. 167. 711, alneolia V, 88. alueolos 711, 78.
24. 226. Vlll, 41. 08. 71111189. alueus 111186.

11207 854 111111, 208. 828. 117, alumnus 1, 20. 111111, 247. alumni
02. 0110007111, 178. 01100071, 111, 98. alumnos 71, 609.

15. aliquos ΙΙ, 149. alutae 711, 192. aluta Χ1111,282.

aliter 111281. 7111619. 711226. ollam aluo V, 7.

aliunde 711,22. omo amis 111111, 805.

01100 116. 7,07.7111,178.245.11, amara 11111247. amaras 11, 80.
257.1111,48.11111,60. alind amator 11168. amatorem 71548.
111178. 711190. 01100071111, ambiguae 7180.

92. aliam 1111188. 7, 52. 71, ambit 117148.

504. 111111, 258. 117, 122. 011001 ambitio 7111,185.

71, 28. 1111, 24. 117,154. aliut ambitiosum 711, 50. 005111000111,
111111, 821 (010). 0100 7111 27. 182. ’

X, 107. 0110 71, 487. 711, 114. ambo 11, 158. 71111, 06. 00050011,
182. 0110 7111, 54 01111166. 828. 0060011228

11146 7115106. alnae 7167 Ambrosius 7177.

aliorum 7111 76. 01100 71240. 0000010171, 805.

711,218. 711161. 111,170. alias amens 11111104.

111, 815. 1111, 40. 111111, 254 117, amethystina 711, 186.

57. 0110 111,268. 1171, 80 (bas) amicae 71, 455. 711, 82. amicae
010001110016211116111120000100071

Alledius V, 118. 858 481.

Allobrogicis 7111, 18. amicitiae 1111, 75. 7.,14. amicitia

Allobrox Allobroga 711211. 71, 558.

alnum 111, 206. 0010101182. 000101001142.

aloes Vl, 181. amicus 11184. 111,167. 7,184. 71,

Alpem Χ,152. Alpes Χ,160. Al· 214. 71111, 186. 11111, 15. 60.
pibus 11111102. amici 1, 88. 111,1.87.161.112.

alpha 111111, 209. 111188. 7111,152. 7111162. Χ,

altaribus Xll, 119. 0110010 7111, 281111116. 111111, 65. 117, 184.
156111194. 1111189. amico V, 82. 71174. 1111, 96.

alter 111,132.149.246. 111111. 71, 111111285. 0010000111110121.
427. 71195. 7111160145. Χ,28. 279. 7,146. amieo 11157. 7,
11168101011111115. 1111172. 178. amici 71840. 00010101,
1111118862. 011000 71440495. 140. V, 108. 118. 140. amicos
71116. 71111188. 111111,141.176. 71, 818. 510. 1146. 117128.
809. 117, 78. alterius Vl, 17, amissa 11111184.
84111210.111,109.111111,181. amnia 11111, 69. amnem 71522.
117,80. altera 111255. amnibus 7111, 170. 00000011,

alternum 111181. alterna 71268. 177.

01111107,115.168. nmo amat 71, 258. 608. X, 820.

altiaoni 111181. amant 71, 112. amanili, 68.

01100 alta 1111181. 0110071684. amea Vl, 02. 711, 0. amet 71,
allum 71502. 0110111111185. 4011111180.0000001111220.
0110 11100186. 0110 7111, 40. amatur 111148. ametur 7175.
0111 71415. 711125. altae 71, 1111180 000000111228 aman·
81. 0110 7111, 181. 01110 71, 11071268. amanti 71, 208.
007. 0110011150170. 011071, amaturus 71201. amati 111,
481. 111111, 88. 01110 7111, 106. 186. amatae 11241.

11,86. 0110 1111256. 01100116. amoeni 1114.
0160071492. 11160. 11111178. amomo 1111108. 7111,159.

 

