159

11116. 10111110171,118. 10-
011111 7111233.
nodosam VIII, 217.
nodus V, 165. 101101 VIII, 58.
10107111, 275. 10111171, 96. 10-
Iet VI 213. 101117, 51. 10111
7,21. 10111171, 251. ΧΙΠ,187.

INDEX VERBORVM

1111 III, 318. nobis 11121. 111,
92126213. 71117. 711171. X,
318. 711, 131. XIIII, 187. XV,
119101 1, 112. 159. III, 75.
159. V, 168.711,111. XIIII, 31.
XV, 196. 112119. XVI, 5. 1151111
71111115. 71111119.

11111111117,11175.10111,126.1111111101117,.6 10111111, 77.

. 71375. nolenti XV, 123. 11-
11111111 71111113.

nomen VIII, 36. 10111111 71385.
7111211. XIII, 218. 1011111
153. 7,.16 711, 9116 231 7111,
273. XI, 22. 7111, 72. XIII, 36.

71192. 711113. 1011111111 11,
52. 1011111111 71, 337. norunt
11116. nouerat 1111136. 10-
uerit 711231. nouisse V, 75.
10111711, 157. XIII, 15910-
111111171135.

101111119871113111111111 noster 711113. 71111211. nostra

VIII, 132. 255. nomina V, 127.
71691. 71219231.

101 1, 39. 51. 52. 93. 131. 153151.
11, 5. 25. 36...1719 66.79...7588
111.163.168.111638185169
6179. 81. 96. 191. 1190111). 111.
119. 151. 155. 261. 281. 393. 369.
1111, 23. 31. 56. 71. 161. 123. 7,
39. 5169131. 71, 35115161.
119113. 152182181. 185. 193.
196. 291. 218. 212. 213. 282. 315.
362. 365. 368. 395(511). 115151.
157186. 535. 519. 576. 611. 617.
619 616 651. 656. VII, 11. 53 65
72. 71. 99. 138. 211. 229. 222. 225.

11181. 71251. 7125. 711293.
nostrum 7,91. nostri 186. XI,

77. 717, 133. 101111711111. ,

nostro 711129. 711111172. 1ο-
strum 7111, 89. 101110 II, 18.
nostra 7125. XI, 117.
1111, 115. XII, 163. XIII, 92. 176.
717, 31. 68. nostri VIIII, 137.

11111111 1111111111 ξ

1110111111115.10111111117.
11158. 71,188.Χ,.318 XII, 168.
717,153.101110171,273.11-
11115 71111, 91. XV, 116. nostra

711111,16.39.91.1111111171Π1,
171. XIIII 323 ³

229 219 VIII, 13. 68 98 193. 125. notabilis 71371. ,
175.18111322171111,...6821 101111171715.11111171111112.Ἰ

66. 88. 99. 122. 129. 71, 6. 31. 19.

notemus XVI, 35.

511161151611911).165183. 1101111 101117. 71,.311 XIIII, 218.

293 263 391 379 338 711111.
59. 51. 571311171611). 152. 171.
185. 296. XII, 59. 78192129.
XIII, 12. 15. 29. 55. 69. 97. 122.
159. 173. 181. 261. 225. 231. 235.
XIIII, 11. 25. 28. 51. 68. 193. 196.

notum 1158. 111, 171. 71, 353.
101117139810111,123 1011
7113 1111111135 111111,

311. 10101711153. 1011017111, .
25. 101111111571,..12156 11 ’
1111111111,16.111111111113.ἒ

136119111. 115172. 185. 262. nonalia 711111 118.

281. 298. 399. 717, 16. 81. 169. nouercae 71193. 711231.
172.171.7171,28.19.53.101-101111111117111,71.

dum 1111. 71152. 71, 1516. 1011111111 111265.

XIII, 19. XIIII, 11. 215. 219. 327. Nouium 7111111.

717, 21. 1ο111163.1131.111, nonus 7111, 237. 1001132115.

219. 71, 31.

17011111 71, 71.

1011, 15911). 11, 51. 111193. 71,
638. VII, 18. 121. VIII, 188. VIIII,
5. 71359. 361366 XIII, 31. 112.

11129111 26. 110111171259.
nouo 7111. 1011171185 11-
1101011711,189.101111711111

95, 10111111, 192. nouissimus Ἴ
71112 nouissima 71356 ³

711111.315316. 717 27 29 10- 11110111119268 711222 noctem ⁹

 

101110 ³

