1N 1111161111 1111611. 493

6616 6611111232. 661166611111,251. 66611111 1111115. 666611 11351.
uolantem 151. uolanti 1,121. nox 11191318. 1Π1178. 11271.

6616 11111. 11, 223. 611 171. II, XI, 111. XIIII, 63. 66611 111,
69. 11115. 1,71.135.138. VII, 1111111227. uocem 11190.
165. 11, 90. 91. 316. XIIII, 253. 11380. 1111185. XIII, 111205.
6611 III, 53. 11162. X, 338. 6666 Π,111.1Π1,32. 11530. X,
111111,176.177. XV, 111. 661661 198. XI, 182. XIII, 77. uoces
III, 113. 11, 97. 661611 111, 16. 1Π,11. 6661661 Χ1,171.
111169. 6616166111209. 6ο- urbani 111111111.
161 11517. 1111131. 6611111, urbicus 1171.
397.111,197.198. 1111192. XIIII, 61011 1, 31. 11126. III, 9. 211. 11,
185. 661661 111138. uolenti 81. 1111200. X, 285. XIII, 157.
11111,159.1111,13. 661161 1107. urbi IIII, ⁷7.151. 11290. 11311.
VIIII, 1. 66111 X, 339. -111, 30. 616616 1111. 1116111161193.
uelit 11111176. 611161 111157. 11, 398. 11181162. 1111118.
661161 11, 598. 11181282. 250. 11171. 111112. 206. urbe

Volscorum 1111215. 11162. Π1,22.235. XI, 55. 1111

Volsiniis 111191. 25. 6111111281. urbibus X,

6611661611161161. 31. urbes 11111. urbibus

uoluae cs. uulua. XI, 101.

6616616611111511113. 6616611 urceoli 111, 203. X, 61.

1111116. 6616616111139. uo· urguet 11111220. urguebantXIII,
166661 11111167. 18. urgueat IIII, 59. urguente

6616111161 111111102. 11593. urguentibus XII, 53.

66166111 11223. 11111268. urguentur 11125.

1161116 661611 11152196. XIIII, 61161111170. 661616111313.
299. 661611 XV, 30. uoluente 6661 XIII, 1. 6666111111. 61-
1111188. 66166111 Χ,126. 1161- 61611161. 616111,126.111
6116111155. 268. XV, 25. 61616 11212.

uoluptas 1, 85. 11, 171251. 368. 66611111236.

11210. 111, 126168. XIII, 190. uro urit 11260. 611161 XIIII, 22.
uoluptatem XIIII, 256. XV, 90. Vrsidio VI, 38.12.
uoluptates 111208. 6111111161. 61161111199.

161611 XV,I. urtica 11128. 6111616111168.

6616111168. 11661 11276.

uomet 111311. 6661116111167. usquam 1111122. XII, 103. XIIII,

uomicae 1111195. 13.

uomit 11132. usque (61616.)11181.11,129.182.

notabit 1, 135. X, 1201291.

661 11, 51. 55. V, 52137. 11265. usquo (6116.) XIII, 158. 11132.
111229. 1111,11.111.111.11111, 616116111111,7.

181611). 6611161111129. 66- 6161 IIII, 139. XI, 208. XIII, 18.
11111,51.136.1111126.181. 661 6161 111118.

1111, 36. 1, 28. 103. 166. 11395. 61 (6611661611.) 113115. 111117.
629. 11126. 123. 1,13.113. 11, 56. 392609.

uotiua 111127. 615619. 111, 32. 187. 238. VIII,

661661 185. 11111117. 6611116. 231. VIIII, 2261101. 117385.
6616111111,276.111111125. 6616 170268. 1111111118. 11111191.
1160. 66111123, 111. 281. 213211. 11116.
661666161,18.11291. 66111 61 (6611166111.) 1111, 60. 63. XIII,
1111112118. 6611113111002. 212.

XIIII, 250. 111 (c. 16111.) 11631. 1111116131.

 

