180

178. 185. 211. 358. 383. 518. 530.
570. 008. 011, 31. 03. 212. 0111,
207218 7170137327 711, 31.
7111, 20. 31. 51. 71111, 200. 711111,
51. 70. 83 302 710,50.132.101.
710127 101011165111231.
7111, 10. 10 111, 01 75.152.1111,
70. V‚65. 01,100. 0111,110. 71111,
2. 01. 711111,0.

suillam Xllll,98.

sulcum 1,157. sulco 711111,170.
sulcos Vll,48. 1111011 711111,211.
Sulmonensi 01,187.

sulpure 71111,115. sulpura 11,158.

· 1111011110,118.
1001 01,281. 0101,117.201.01111, .

00.01100010
1000000000
0000000101
0000000000
1000000000
1000000000
111.111.110. 1111 1.15.10.11.
0000000000
000000000.
000000000.
000000000
111. 111. 111101111111101.
01000101010101
000000000.
0000000000
1000000000001
1Μο0000000
000000000
0000000000
000000000.
1000000100101
1001010010010
0000000001
1000000000

INDEX 01111110Βο111

58. 711111,80.01.230. 0111011111,
82. 1111111,83. 111,25.137. 1111,
130. 0,57. 0111271275. 71,83.
217. Xl, 78. 71111, 53. 711111, 20.
105. luerunt 0111, 251. luerat
V, 70. fueraut 711, 72. 010
01111, 117. 0111 1, 1301111111.
11, 17. 00. 111 , 17. 53. 08. 0, 02.
117. 01,211. 100. 553, 582. 508.
020. 011, 81. 01. 0111, 30. 100.
01111, 0. 15. 00. 122. 71, 172313.
330. 711, 130118. 71111, 175178.
711111, 13 218 7101, 82212. 50.
11111,.0 0,11181. 200. 711, 3300.
110. 11111151. 05072 01,
51. 102. 188 210. 223. 350. 507.
0,11 53. 71. 155. 238. 0111, 105.
100200. 01111, 130115. 71, 25.
08. 2111110). 318. 353. 350. 305.
711,25.37. 711150. 71111,77.100.
711111, 25. 00. 71. 110. 130. 200.
315. 7101, 21. 50. 11111010, 18.
aiut 111,277. 01,301. 71, 173.
71112503 0110001111,.71 01-
10101500. 0111,11. 01101111,
13. 0101 111220 71,.10117111,
10. 71111, 202. 0111011171,31.
1110111 0111,151.111111011101,
0101010111, 158. Χ, 75. 103.
203.7111,30.101001111018.
0110 0,112.113. 01, 222. Vlll,
21. 70101. 01101,58.71.11,
110. 111, 75. 1111, 08. 453. Vl, 372.
011210 01111103 71100237.
301. 330. 711, 30. 135. 71111,12.
37. 01. 210. 711111, 121. 710, 38.
08. 111. 171. llll, 53. 1010 71111,
200. 1111111171353. 1011111 111,

72. 10101100111,75. 1111011
01, 550.

7070.178.182,188.201.215.220.10111011 xlma. 1111111110 711, 138.
251270281301. 710,03.05.100. summittat 01,331. 1000111110 01,

7101, 18. 20. 10. sumus Ill, 101.
711111,11. 0110οΉ137 1001

207. summittere 7111,51. 10111-
missa 1, 30.

0,130. 01,73.250.338.360.180. 1100000101110180.1000000101

· 0111, 111. 112. 221. 711..110 100.

1, 3110111111011001 111,121.

210. 711,207. 7111, 37.102. 71111, summula 011,171.

20. 80. 00. 150. 223. 711111,1. 123. 1001111011,117. 0100 71,110. 710,

1ᾙο.00.0’00.
0000000000
100000100010
0000000000

35.11111101101,300.011,155.
autumi 1, 5. 38. 11, 101. 105. 71,
208. 1111111111 01170515. 111111-
1110 1111,16. summum Vl, 532.

 

