111111111111111 131

511111 11585.11155.1115,235.115,2172111275. 111, 15. 55. 75127.
115. 157. 251. 1115835 55 85 XIII,
5111111 hosti 115157. 11115155. 5ο- 5. 15. 11. 218. XIIII, 58. 85. 225.
mmm 51111511Χ5,.155 255 211 275 115, 55. 12 55 81.
511 III, 358. 51115155 112.117.155.1151151555
humanaexnllm 5111111111Π51111111511111111,517. ’
155. 5111111115152. 511111- 1111111151. Vl, 75. 215. 511, 12.
1111151515 5111111115 222 XII 51 XIII 125115
111111,58.511111111111111,251. 11111111553851111155351.
51111151111, 155. 5111111111, Iarbae V, 15.
157. XV, 15. Iason VI, 155.
5111111155287.111,171. 1111111111 1111111. 111.
XI, 57. 51111111551518. hu· 15155321 VIII, 51. 177. 15185.
11111 111, 35. 5111111111 VIII, 11. XI, 175. XII, 81 11111155 ibi-
humiles VI, III. dem V, 15.

51111111 5111151578 5111111115, ibin 11153
55111 11111 V, 125.

Hyacinthos Vl, 115. ictericae VI, 555.

hydri 51575. ictus 1115121. 51, 125. 251. ΧΠ,17.

Hylas 5151. Idaei 115138. Iduum 115151.

Hymetto 11115185. Idaeis 1111511.

Hyperboreum VI, 175. 11111111 51115115.

1111151,255.275.551.11,8525515111111511825511158 51, 112.
Χ5,5. 111151511155. 125. XIIII, VIII, 75. 58. X, 71. 155. 551. XI,
157. iacuit 15125. 55175. X, 22119 115153 eadem 11123.
288. XII 52 iacebit 1, 155. X, 5,1. 55171515152. 515158.
255. iaceat VI, 585. 511, 75. XI, 151. XIIII, 515. idem VI,
iaceant VIIII, 1511. 1111111 51, 217. eiusdem 111551. 111525.
35125. iacentem 5115175. XV, eidem 11115122. idem 111512.
13. 511, 153. XIII, 75181. eodem

111111 51, 235. iactabo XII, 55. X, 12. eodem III, 255. XIIII, 8.
iactaret 1, 52. 1115118. Iactare 11111111 X, 253 XIII, 172. 111-
1151511. 51155. 1111522. iacta dem 11111535. eudem XIIII,
tur 111552. 111111115115258 113. 11111511,11.118.111,12.
iactata Χ1111, 255. 5, 51. 511, 152153. X, 255. 111,

iactura III, 125. 5551. XIII, 177. 21. 177. 11115151. 1111155. 75.
iacturae 111158. 155.1111111111,175.11573.115,157.

111111111111 XII, 33. ideo· ΠΙ, 17. 51525115111. VIII,

1111111111 515153. 251. 15155. 111585. 115115.

iaculetur 511. idoneus 11111571.

iaculum V,I55. VIII,I2I. 1111111111 5115155.

111111, 551125135. 15 35.151.111115.15 5,.111 1111155518.
115. 111, 52. 118 (511)155. 255. 511, 117. XIII, 117.
215 221252 255 1111, 52 37 55 111111151515252,11111111115,
57. 75. 151. 135. 138. 5,21.17 58 51.
51155 158. 51, 2513151127 131111 II 51. 1111, 581155 5152
117. 153. 215. 552. 351. 325. 325 215. 515155188. 5115215. 51111,
(511). 515 355 575 377(511) 112 25. 11, 15. 28255. 285. XI, 155.
1115188515 5715285111). 511, XII, 78. 85. 111. 11115151 11115,
3. 35. 77. 515175. 215. VIII,I. 38. XVI,18.
52153. 5111515757585. 11, 1311111115272111111Χ1111,
28. 51(111). 751511551551251. 155. ignauum

 

