mrmrrmrsmrrs. 111

7111, 8. equites X, 15. XIIII,

equestri III, 151.

equitant 71311.

cruror ecus 111103. equum VIII,
58. 1100112171167.

erepet 71526.

erga 71381.

ergastula 11111121. ergastula VI,
151. 7111180.

ergo I, 3.15.101. 158. 168. 11, 15.
131. III, 101. 271. 281. 318. 1111,
55.73.11. 7,15. 01158. 71175.
221. 371. 132. 532. 520. 711171.
7111, 37. 01201. 71111, 82. 101.
111. X, 51.103.151.311. XI, 17.
21. 11. 121. XII, 121. 11111201.
XIIII, 11. 71. 12. 111. 110. 211.
262. 323. XV, 62. 71. 131. 171.
11712251.

erigit 7111201. 1111111111. 11,
131. 111111. ereximus I, 111.

erectum 11181. erecta 71507.
erectas 1111128.

Erinyn 711, 68.

Eriphylae 71155.

eripuit X, 127. 117,111. erIpient
111238. eripiat VIII, 16. eri-
piatur 7111101.

errat 71101.

erroris X, 1. errorem VIII, 115.
errores XIII, 188. erroribus
XIIII, 15. “

erubuit 11320.

erucis 71111131.

escaria 111111.

Esquilias 11171. 7,78. 11151.

erse cf. sum.

erre (mrim) rs. edo.

esurit 71187. esuriens III, 78.
7111. 1111111. 111111127.

οι1,1.8.13.23.31.36.12.17.115151.
01. 68. 72. 73. 71. 71. 78. 8187. 13.
17. 101. 120122. 121. 137 (Iis).
111115. 151118. II, I. 3. 7. 11.
11. 11. 20. 25. 33. 35. 15. 50. 67.
11. 73. 77. 71. 8085. 87. 18. 105.
107.111.112. 121(οιἐ). 131. 138.
110111. 150.153.155.158.160.
163. 111, 1.1.12. 1720202130.
33. 31. 30. 3812. 1111. 57. 51. 13
(1η).15.08.71.83.88.1111101.

111. 128.130.130.118. 111. 151.
155. 1071781117. 181. 115. 207.
208. 211. 215. 210. 217. 211. 221.
228. 233. 237. 210. 218. 253. 258.
202 (Iris). 203. 270. 272. 273. 281.
285. 287. 211. 211. 300. 311. 315.
310318. 1111,1.8.11.11.23. 30.
38. 11. 01. 08. 01. 81. 8511. 10.
100. 108.111.113.115.121.122
(bis). 121. 121. 113. 111. 110. 152.
7, 8. 15. 20. 27. 37. 38. 18. 51. 05.
70.71.81.11.101.112.115.117.
121121.120.133.137.110.111.
111. 151. 101. 105101. 173. 71,
110111010181015). 21. 25 (Iis).
211118. 52. 57. 51. 05. 08. 70.
71. 83. 81. 81. 15. 100101. 120.
122. 120.128.130.111.110. 117.
118111151151150100.101.
171.172.112.117.111. 202. 205.
210217. 225. 220. 228. 238. 210.
250 (Iri-II· 202. 201. 277. 283. 281.
211. 217. 211. 301. 305. 300. 315.
320. 333. 335. 312. 311. 318. 351.
350. 301. 307. 308. 375. 388. 312.
311. 111. 105111. 111. 121. 132.
130115. 153. 158100107173.
178183181188. 110. 507. 511.
512. 510. 517. 511. 520. 521. 523.
531. 533. 538. 511. 511. 550. 551.
501. 507. 571. 583. 585588. 511.
002. 012. 013. 018. 023. 030. 035.
011. 051. 053. 058. 711, 10. 12.
15. 20. 21. 20. 21. 35. 31. 11. 10.
11. 52. 5001. 07. 08. 017882 11.
17. 101. 105. 107.111.121.128.
131.135.155.103.105.108.172.
178. 183. 113. 111. 110. 200. 207.
208211210213220227. 7111,
3,1.5.12.13.15.28.31.35.10.50.
51. 01. 02. 72. 82. 81. 80. 11. 100.
102.107.101. 122. 1211011). 121.
117. 152. 151. 157. 102171. 175.
170181. 110. 111. 200. 208. 230.
233. 237. 231. 250. 255. 251. 200.
202. 201. 208. 272. 71111, 8. 11.
15. 2122. 23. 21.30.30.13.10.17
(Iris). 52. 57. 01 (11.).61. 71. 75.
7178718111.1010111111.113.
1211131130. 138. 110.112.115.
X, 2. 10.13.10.17.21.23.27.35.
3138111511. 00. 02.71.73.81.

27*

 

