171 15555 55555555

16. scripto 71205. scribta 16.03.61.115.121.112.1112. =
71277. scribendi 1152. 711, 25.31.60.72.87.07.118.161.185. ³

52. 100232. 271. 281. 203. 318. 321.
scrinia 71278. 111,7.15.50.06.136.183. 1111, 5.
scriptores 71100. 261118. 51. 52.62.70.101. 1110,
scrobe XIIII, 170. 6. 52. 102.135.171.178. XIIII, 31.
scrofa 111173. 555515 71177. 1310. 81. 105. 117. 135. 152. 160.
5555555015. scrutante 7,05. 171101. 2012182702οὃ. XV,
555555 10131. 1110,111. 15. 51. 67. 87. 01 (dis). 108. III.

scutulata II, 07. 150170. 117113. 551 1111, 123. ,

scutum 710,123. 5551571218. 7, 61. 111117. 7115136. 221.

mmmm mmmmmmffln}
smmmm ammmmffinmn1

scytica 71180. 38.

55 cf. sui. sedec sedet 106. 11120. 111, 265.

σεαυτόν 1127. 7,101. VIII, 100. 11161333. 111,

55555555 111, 5. 105. 556565101171. sedisti

seco 5555111316. secuit 71511. 711, 22355611 10176. VIII,
secantemXIIII,155. secatanI, 63. 555155171263. 11213. 55-
135. 5555155 7,121. 5551571, deant 111155. 5505551711221.
106. sectum 117, 78. sectum ’ sedens 711,127. 152. sedentis
1101117. 711,13. 11,03.

55555155 71237. 5555500152. 55655 11171. 5511555012.
secretum 71, 608. secretum seditioni 117,61. seditione 0,21.
7101, 06. 102. 55555151101. seges 70,103. XIIII, 113.
secretu VI, 311. 1180. 5555515 segmentatis 7180.

01113. 71, 100103. 7111123. reperientem segmenta 11121.
5311337. 5555515105. segnipedes 710,67.

555155 11101122. Seianus 11,63. 66. 00. Seianum

sectile 01203. 1176101. 8515551180.

5551151 11011133. Seio IIII, 13.

Secundi 711,201. Seleucus Χ, 211.

secundiVIIII,107. secundaeVIIII‚ 55115 711,112. sellam 1121. 71,
31.11,217. 5555565701253. 353. sella 111136.

1163. 5555565 11713. semel 10,131. 101113. 7,112. 71,

5555515 701268. 1150. secures 521. 11111212.

701137. 5555555111161. semenstri 71180.

5555555 I, 102. 7162. XIIII, 213. semesum 7,167.
secura 111, 261. Χ, 75. securum semianimum IIII,137.

710,171. 700,111. securiXII, Semiramis II,108.
82. 5555555111106. 555111511363.

5555155 7111210. semiuir 71513.

556 I, 10. 52. 00102. 105117. 130. semodio XIIII, 67.

II, 12. 10. 10. 15. 65. 70. 87. 130. semper I, 113. 111, 50. 57. 101. 71,

“ 153162. 111, 10. 80. 02. 165232. 1011178. 268. 2731615). 361. 366.

282. 316. 101, 11. 27. 72. 86. 06. 380. 153. 600. 11, 73. 211. 207.

131153. 7,26.61.70.81. 71, 0. 1101100. XIIII, 11118203267.

3888.110.152.171.181.270.336. 268.

315. 317. 357. 377. 308151171. 55551551 71, 82.

563501615660. 70,32.53.86. 5555155Χ1,20.77. 555515711103.

105108. 7111, 62. 71. 01. 1101615). Senecae X, 16. Senecam 7111212.

158.172.215.,217.236. 710115. Seneca 7,100.

 

