IN IVVIINALIS smus.

423

111111 11181111111. 11111181. fenus VIIII, 118. fenori· 1118.

fascis 11111 111, 187. 1111111,

18. 185.

81. 1111111111188.1,78. Ia· 1111111185.

111811 1,118.

1111111111. 1Π,181. 1181.

111118111188. 1118111111171. 1111111111. 1,18. 11111. XIIII,

1111111111 1, 818.

178.

fastidium fastidia XIIII, 181. 181. serit 11111 1811). 178. 11118. 11-

11111811 1181.
11111111 III, 88.
fateris 1,188. fatetur 1117. 1,

riunt III, 188. 111111 VII, 55.
111188. 111111 11117. Ie·-
rienda XII, 11.

171. XV, 181. fatebere XIII, feritas XV, 81.
118. fateri 11188. 1111111. 1111111111781111188.
fatiget 11115. 11111. fatigatas fermentum 111188.

11115.

fatum IIII, 88. 11, 588. 1111111.
11188. 11111111011111.
Into X, 118. 11, 185. 1111181.
11111181. 158. 1111 IIII, 171.
111181. VIIII, 81. 1,118. 11-
1111811188. 1,111. 11111
1118. 1111111851. sationum.
1111158.

{affl 1111111 11858. fatuos

,8.

anaba» VIII, 187. 1111111.

11111111 X, 75. 11111111 11188.

fauor 11111.

Fausti 11111.

111 facem 1111188. 1111 11,
118. 1111111188.

sero sert III, 88. tulisti 1111188.

tunt 1138. 11181. 1,187. XIII,
105. feres 1111118. 11111111,
178. 111117. 1111111188. V,
181. 11188. 111111. ferret
111151. XII, 88. 1111111111851.
tulerit 1111. 11118. tulisset
V, I. X, 178. serre III, 18. 88.
1,178. 1188188. 888. 111, 17.
1,.158. 1111,188.1111,11.11.118.
1111181188. ferens 11111111,
8. ferentem 1171. 1,88. 11-
11111 11885. 1111111181. XI,
8. 1111178. seruntur 11818.
111, 81. Χ, 137. feratur 181.
ferendam 1111, 118. serenda

1181111111117. 118111,118.1111 1110111117. 111111111181. so.

118. febres 1,188.

roci 111118.

111118111181. 111118111181. ferreus 181. 11118. 11111111

11111811 VIIII, 58. 1111118111
11177. 11188.
11111 IIII, 8. 11158. 111181181.

18. ferrea 111158.

111111111111 11111. ferrata XI,

18.

1111111111. 1111111111, 1111111111. 1111111111,

11. 1111111 1111. 1111111 11,
88. felicibus 11111188. 1111·
111 111811. 111111. 11111118.
felicia 111811. feliciter 11118.
11111111 1,818. 11111811. 1111-
111111111 11158.

femina 1188. 11, 811111. 817. 881.
188. 1111111. 11818. XIII, 181.

femineum 11118. 1111111111 VIIII,

11111111. 111111.
fenestra 111111. fenestrae 1181.

18. 1111ο XII, 11. 1111111111
811. 1111187. 11171185. 11111
1118111. 1,115. 11188. 888. 111,
111. X, 188. 818. 11118. XIIII,

11171.

feruet V, 1118. 11, 188. VIII. 58.

seruent 11881. feruens 11118.
188. 1111111111 1,881. 11-
111111 1111.

ferulae 111. 1111111 11178.
ferus Iera 111,180. 1111111101.

seruum 118.

1111711181. 1111111111 VIIII, 111111111178. 1111111111111,118.

181. 1111811118.
1111 cf. 1111111.

XIIII, 81. festinare 1111, 118.
11111111. 111111111111188.

 

