ru 1111151115 51111115. 439

lautorum 915177. lautissimus Ι11151555111ΧΙΙ13 Ι555111ΧΙΙΙΙ,

115221. 15511551515911175. 83.151151Χ1111236.

ΧΙ, 119. 1511 ΙΙ, 37. 91, 38. 911, 192. Χ,.315
laxabant 9111, 261. 15115191, 111. ΧΙΙ15 321. 1551111, 155. legem

1511515 ΧΙΙΙΙ, 67. 91, 555. 1555 91, 153. 15555
1551155 Ι, 32. 121. ΙΙΙ, 212. Χ, 35. ΙΙ, 13. 9111, 91. legum 111579.

lecticas 91, 399. 91511 9111, 59 268 ΧΙΙΙΙ, 177.
lecture Ι, 13. 15555 ΙΙ, 30. 72. 9152291158.
15515155 9111177 Χ1115199..193 1515551251
155155 111, 293. ΙΙΙ, 268. 9115177. Χ91,15.

15511 91, 226. 91111, 78. 1551515 1155111589. 1155115 111115193.

91, 21. 15515 ΙΙ, 69. 9, 17. 91, 1155111911, 197. 11551155111, 296.

591. 911, 195. 155115 Χ1, 96. 91, 211. 911, 26. libellis Xll,
1511515 9563. 199. ΧΙΙΙ, 19162.
1551515155.1551555115132.15-1155511515111111,11. 11515 91263

515555 Χ1111,.211 1551515511, 578911513111151155 libris

79. 1551551555 9111255. 9111181 115155115219. 115115
legitimum 91111, 11. 15 5111511591, 91, 151.

289. 1551651511, 338 1111, 180. 115519, 161. 91111, 122. 115515
1555155515519111,172. 15551551 9111, 211. 115515 9111, 211. 11-
] 9111162155511111191111,98. 5515111599.
= 155515511ΧΙ69Χ1111211555 11551155 ΙΙ 12 ΙΙΙ 299 91 119 217

151911,152.ΧΙ,78. 15551111, 9115171.1155115111Ι1,77.11-

211. 15551911,231.1555511 5511515111 ΧΙΙΙΙ, 56 2311. liber·

915191. lecture 95277. 15· 1515 915116. 9115263.

5511151· ΧΙ, 182. 1551111Χ111,136. libertinus Ι, 192
legumen Χ9,171. 1551155 91, 116. 1155115 ΙΙ, 59.
15555 91, 189. 11551151511 9, 28. 11551155 9,ΙΙ
15115551. 1555115 91127. 15115- 13.

5515115156.91,329.ΧΙΙΙΙ,16. 5551563151. 915113. 911529.

155551515912161111,95.111111,112.Χ9811111511
Lentulus Vll 55 9111187 Χ,.287 V,15 115551519.11,1.62 li-

151115159589. , 551515152.1155511115Χ9,88.
lentus 9115218. 15515 ΧΙΙΙ,199. libitum 111, 159.

151115 Χ9Ι,17. 151115 95565. libido 1511. 95319. 9115135. Χ,
155 9111, 36. ΧΙΙΙΙ, 217. 119,161. 298. 6511151595291. Χ1,171.

leoni XV, 169. 15511551 91576. libidine 11113 91, 135. 318. 911,
Lepidi 95265. Lepidis 91159. 85.
15555ΧΙ138.1555151119, 167. Libitinam ΧΙΙ,12,2.

Χ1111,81.Ι555155 9,121. 11555115155Χ117. 1151151111, 16.
151515119,165.11515115591111,199.1151111591,

letifero 111556. 176.

’ 1515 11, 119. libum libo 119539. 11515 115187.

11555515 9111211 Liburnus 95177. Liburno 1111,
leuis Vl, 557. 1555 911219 le· 75. liburna 111219.
5151511111,.13 1551555Χ111,.182 115559,.119 Libya 11125
leuiu5X,54t. 1551511911, 77. 115511, 195.1.62 ΙΙ, 117. 111, 92111.
155151151151111, 11. 15515511, 56. 111531. 9,111. 91, 119 299 283
15515 ΙΙΙ 111. 9111191 Ι5511Χ, 589. Vll, 121. 1161 9111, 19. 81.
199.Ι555Χ1111621511115121 85122131 Χ, 19211. 298 391

155159111115 155155591356 11519629.) ΧΙΙΙ,56. 11111512.
911535. · 293 287 xvia 1155511111181

 

